0
0
0
0
0
0
0
0
0
0
0
0
1
0
0
1
0
1
0
0
1
0
0
1
0
2
0
1
2
0
0
1
1
2
1
2
1
0
1
0
0
3
0
1
6
2
2
6
2
2
1
3
5
2
3
1
6
0
3
3
2
2
8
4
4
6
2
5
4
4
4
4
5
2
7
1
8
6
6
4
3
1
2
2
6
5
6
5
5
2
4
8
4
7
12
6
5
8
3
4
4
8
1
3
4
8
2
6
3
8
0
3
1
6
4
3
1
4
6
2
4
5
1
3
3
7
1
2
2
2
3
3
3
2
2
1
1
1
1
2
1
1
0
0
1
2
1
0
0
1
1
1
0
2
1
0
1
1
0
0
2
0
1
0
0
0
0
0
0
0
0
0
0
0
0
0
0
0
1
0